282
-8 -12
-7 -3
6 9
1 -10
11 11
3 -10
-13 -6
-6 -11
0 7
-7 2
1 6
0 10
2 -2
-8 1
-3 -7
-2 -7
10 -3
10 8
-5 1
6 7
-5 -5
11 5
10 7
6 10
-12 -2
8 8
-3 -1
12 3
0 4
-4 -3
5 3
1 1
0 -2
0 -6
-1 6
3 2
8 2
-6 1
11 7
7 -1
2 2
-9 -3
6 0
-1 12
5 13
-11 -2
-3 1
4 -9
-7 -5
1 -4
-11 0
11 0
-8 -10
0 -3
6 8
9 3
1 12
7 -5
3 1
-2 -9
9 9
13 12
-9 3
4 -7
10 9
8 -4
11 1
-2 4
-3 4
-7 -10
-13 -1
12 8
5 -2
13 4
12 0
-2 5
2 11
-12 -11
-11 -11
3 11
2 1
13 5
-7 0
-4 -12
9 4
-5 5
6 -5
6 -1
10 3
4 -1
10 4
11 10
-3 7
-8 -3
13 3
2 -1
7 1
-9 0
-13 -2
-1 1
0 11
-8 2
-2 -2
1 10
-4 -8
7 -3
-10 0
-10 -11
9 7
-5 0
-11 -9
-10 -8
-10 -12
-6 -9
12 7
11 9
13 11
-2 -5
-1 -3
3 5
-6 -5
1 0
0 8
-5 -1
-4 -13
-3 -5
2 7
9 13
10 10
9 2
-6 -3
5 7
-2 8
3 -2
7 4
13 0
-8 -9
-1 11
0 -1
0 2
-1 2
-9 -9
-3 0
1 3
-1 -13
-7 4
-3 -2
-9 -10
-4 0
-5 -13
-12 -7
4 6
-10 -13
4 -6
-6 -2
2 -7
-10 -1
-7 -11
1 -2
5 0
9 1
-4 -11
1 -9
7 -2
-2 7
3 10
6 6
-12 1
2 13
-9 -11
5 -6
-5 -2
-10 -4
-4 7
-7 -9
-6 -13
-1 10
1 -12
11 13
3 -8
-1 -5
13 2
-12 -10
0 -10
8 0
1 4
-3 -11
-8 3
3 9
2 3
1 9
-5 -11
7 -4
4 2
9 6
6 5
-4 -2
-9 4
-11 -7
10 5
12 2
-7 -1
-6 -12
-12 -8
11 8
3 -9
7 13
-13 -5
-11 -4
2 5
-8 -8
-1 -7
0 9
-8 0
-3 -6
2 4
9 12
10 -1
-10 -9
-13 -10
-8 -1
11 2
12 -1
-11 -3
12 5
-6 7
2 6
13 8
0 -11
11 -1
1 -7
1 2
-3 -10
9 5
13 10
3 3
-1 -4
10 2
-6 0
5 12
10 12
-4 3
4 -2
6 3
8 -2
2 -10
-3 2
-2 -11
-8 -11
-13 -11
-4 6
0 0
-1 9
1 13
8 11
12 11
-4 -10
-1 -10
5 -7
-9 -13
-13 -9
-5 8
-1 7
-3 5
7 9
-2 11
-12 -9
11 -2
0 6
-1 3
-8 4
3 8
1 8
7 5
-4 -5
-7 5
-2 -13
-11 -5
-5 2
-6 6
5 2
-10 -2
